6
6
5
Ferrari
1
0
0
1
1
1950
2019
Ford
3
0
0
1
1
1950
2019
2
0
1
1
1935
2019
3
0
1
1
1932
2019
Crysler
1
2
0
1
1
1935
2019
Cadillac
1
2
0
1
1
1937
2019
Mercedes
1
0
0
1
1
1950
2019
Renault
1
0
0
1
1
1958
2019
Dodge
1
2
0
1
1
1935
2019
Chevrolet
3
0
0
1
1
1952
2019
2
0
1
1
1935
2019
3
0
1
1
1932
2019
Buick
1
2
0
1
1
1937
2019
BMW
1
0
0
1
1
1956
2019
Alfa
1
0
0
1
1
1950
2019
Aston
1
0
0
1
1
1950
2019
Firestone
1
2
0
1
1
1935
2019
Goodyear
2
2
0
1
1
1935
2019
3
0
1
1
1932
2019
Michelin
1
0
0
1
1
1950
2019
Dunlop
1
0
0
1
1
1950
2019
Continental
1
0
0
1
1
1954
2019
