20
FSC
1935
9999
15
2
0
x
1950
2050
0
0
0
0
0
0
0
0
0
2
2
x
1935
2050
0
0
0
0
0
0
0
0
0
2
0
True
Ford
1935
9999
15
2
0
x
1950
2050
0
0
0
0
0
0
0
0
0
2
2
x
1935
2050
0
0
0
0
0
0
0
0
0
2
0
False
Chevrolet
1935
9999
15
2
0
x
1952
2050
0
0
0
0
0
0
0
0
0
2
2
x
1935
2050
0
0
0
0
0
0
0
0
0
2
0
False
Crysler
1937
9999
15
2
0
x
1952
2050
0
0
0
0
0
0
0
0
0
2
2
x
1937
2050
0
0
0
0
0
0
0
0
0
2
0
False
GMC
1949
9999
15
1
2
x
1949
2050
0
0
0
0
0
0
0
0
0
2
0
False
Cadillac
1941
9999
15
2
0
x
1960
2050
0
0
0
0
0
0
0
0
0
2
2
x
1941
2050
0
0
0
0
0
0
0
0
0
2
0
False
Buick
1945
9999
15
1
2
x
1945
2050
0
0
0
0
0
0
0
0
0
2
0
False
Dodge
1943
9999
15
1
2
x
1943
2019
0
0
0
0
0
0
0
0
0
2
0
False
Lincoln
1947
9999
15
1
2
x
1947
2019
0
0
0
0
0
0
0
0
0
2
0
False
Ferrari
1950
9999
15
1
0
x
1950
2019
0
0
0
0
0
0
0
0
0
2
0
False
Mercedes
1950
9999
15
1
0
x
1950
2019
0
0
0
0
0
0
0
0
0
2
0
False
Alfa
1950
9999
15
1
0
x
1950
2019
0
0
0
0
0
0
0
0
0
2
0
False
Aston
1950
9999
15
1
0
x
1950
2019
0
0
0
0
0
0
0
0
0
2
0
False
Porsche
1950
9999
15
1
0
x
1950
2019
0
0
0
0
0
0
0
0
0
2
0
False
Bugatti
1950
9999
15
1
0
x
1950
2019
0
0
0
0
0
0
0
0
0
2
0
False
Toyota
1950
9999
15
1
0
x
1950
2019
0
0
0
0
0
0
0
0
0
2
0
False
BMW
1956
9999
15
1
0
x
1956
2019
0
0
0
0
0
0
0
0
0
2
0
False
Renault
1958
9999
15
1
0
x
1958
2019
0
0
0
0
0
0
0
0
0
2
0
False
Ford Jr.
1932
9999
15
1
3
x
1932
2019
0
0
0
0
0
0
0
0
0
2
0
False
Mercedes Jr.
1932
9999
15
1
3
x
1932
2019
0
0
0
0
0
0
0
0
0
2
0
False