14
10
180
135
120
105
90
75
60
45
30
15
12
200
165
135
110
90
75
65
55
45
35
25
15
12
200
160
140
120
100
80
60
50
40
30
20
10
30
200
160
140
120
100
80
60
50
40
30
20
10
5
5
5
5
4
4
4
4
3
3
3
3
2
2
2
2
1
1
30
20
16
14
12
10
8
6
5
4
3
2
1
1
1
1
1
1
1
1
1
1
1
1
1
1
1
1
1
1
1
12
20
16
14
12
10
8
6
5
4
3
2
1
30
50
40
35
32
30
28
26
24
22
20
19
18
17
16
15
14
13
12
11
10
9
8
7
6
5
4
3
2
1
1
30
50
40
35
32
30
28
26
24
22
20
19
18
17
16
15
14
13
12
11
10
9
8
7
6
5
5
5
5
5
5
10
25
18
15
12
10
8
6
4
2
1
8
10
8
6
5
4
3
2
1
6
10
6
4
3
2
1
6
9
6
4
3
2
1
6
8
6
4
3
2
1
5
8
6
4
3
2