4
Formula 1
F1
1950
2019
1
2
2
1
7
1
2
3
4
5
6
7
8
1
2
3
4
5
6
7
8
8
1
2
3
4
5
6
7
8
9
1
2
3
4
5
6
7
8
9
9
1
2
3
4
5
6
7
8
9
7
1
2
3
4
5
6
7
8
1
2
3
4
5
6
7
8
8
1
2
3
4
5
6
7
8
11
1
2
3
4
5
6
7
8
9
10
11
9
1
2
3
4
5
6
7
8
9
10
1
2
3
4
5
6
7
8
9
10
8
1
2
3
4
5
6
7
8
9
1
2
3
4
5
6
7
8
9
10
1
2
3
4
5
6
7
8
9
10
10
1
2
3
4
5
6
7
8
9
10
10
1
2
3
4
5
6
7
8
9
10
9
1
2
3
4
5
6
7
8
9
11
1
2
3
4
5
6
7
8
9
10
11
12
1
2
3
4
5
6
7
8
9
10
11
12
11
1
2
3
4
5
6
7
8
9
10
11
13
1
2
3
4
5
6
7
8
9
10
11
12
13
11
1
2
3
4
5
6
7
8
9
10
11
12
1
2
3
4
5
6
7
8
9
10
11
12
15
1
2
3
4
5
6
7
8
9
10
11
12
13
14
15
15
1
2
3
4
5
6
7
8
9
10
11
12
13
14
15
14
1
2
3
4
5
6
7
8
9
10
11
12
13
14
16
1
2
3
4
5
6
7
8
9
10
11
12
13
14
15
16
17
1
2
3
4
5
6
7
8
9
10
11
12
13
14
15
16
17
16
1
2
3
4
5
6
7
8
9
10
11
12
13
14
15
16
15
1
2
3
4
5
6
7
8
9
10
11
12
13
14
15
14
1
2
3
4
5
6
7
8
9
10
11
12
13
14
15
1
2
3
4
5
6
7
8
9
10
11
12
13
14
15
16
1
2
3
4
5
6
7
8
9
10
11
12
13
14
15
16
15
1
2
3
4
5
6
7
8
9
10
11
12
13
14
15
16
1
2
3
4
5
6
7
8
9
10
11
12
13
14
15
16
16
1
2
3
4
5
6
7
8
9
10
11
12
13
14
15
16
16
1
2
3
4
5
6
7
8
9
10
11
12
13
14
15
16
16
1
2
3
4
5
6
7
8
9
10
11
12
13
14
15
16
16
1
2
3
4
5
6
7
8
9
10
11
12
13
14
15
16
16
1
2
3
4
5
6
7
8
9
10
11
12
13
14
15
16
16
1
2
3
4
5
6
7
8
9
10
11
12
13
14
15
16
16
1
2
3
4
5
6
7
8
9
10
11
12
13
14
15
16
16
1
2
3
4
5
6
7
8
9
10
11
12
13
14
15
16
16
1
2
3
4
5
6
7
8
9
10
11
12
13
14
15
16
16
1
2
3
4
5
6
7
8
9
10
11
12
13
14
15
16
17
1
2
3
4
5
6
7
8
9
10
11
12
13
14
15
16
17
16
1
2
3
4
5
6
7
8
9
10
11
12
13
14
15
16
17
1
2
3
4
5
6
7
8
9
10
11
12
13
14
15
16
17
16
1
2
3
4
5
6
7
8
9
10
11
12
13
14
15
16
16
1
2
3
4
5
6
7
8
9
10
11
12
13
14
15
16
17
1
2
3
4
5
6
7
8
9
10
11
12
13
14
15
16
17
17
1
2
3
4
5
6
7
8
9
10
11
12
13
14
15
16
17
17
1
2
3
4
5
6
7
8
9
10
11
12
13
14
15
16
17
16
1
2
3
4
5
6
7
8
9
10
11
12
13
14
15
16
18
1
2
3
4
5
6
7
8
9
10
11
12
13
14
15
16
17
18
19
1
2
3
4
5
6
7
8
9
10
11
12
13
14
15
16
17
18
19
18
1
2
3
4
5
6
7
8
9
10
11
12
13
14
15
16
17
18
17
1
2
3
4
5
6
7
8
9
10
11
12
13
14
15
16
17
18
1
2
3
4
5
6
7
8
9
10
11
12
13
14
15
16
17
18
17
1
2
3
4
5
6
7
8
9
10
11
12
13
14
15
16
17
19
1
2
3
4
5
6
7
8
9
10
11
12
13
14
15
16
17
18
19
19
1
2
3
4
5
6
7
8
9
10
11
12
13
14
15
16
17
18
19
20
1
2
3
4
5
6
7
8
9
10
11
12
13
14
15
16
17
18
19
20
19
1
2
3
4
5
6
7
8
9
10
11
12
13
14
15
16
17
18
19
19
1
2
3
4
5
6
7
8
9
10
11
12
13
14
15
16
17
18
19
19
1
2
3
4
5
6
7
8
9
10
11
12
13
14
15
16
17
18
19
21
1
2
3
4
5
6
7
8
9
10
11
12
13
14
15
16
17
18
19
20
21
20
1
2
3
4
5
6
7
8
9
10
11
12
13
14
15
16
17
18
19
20
21
1
2
3
4
5
6
7
8
9
10
11
12
13
14
15
16
17
18
19
20
21
21
1
2
3
4
5
6
7
8
9
10
11
12
13
14
15
16
17
18
19
20
21
20
3
1966
1981
1986
6
1968
1972
1976
1981
1989
1994
5
1966
1971
1976
1981
1985
6
1950
13
1960
12
1961
11
1991
10
2003
9
2010
8
World Endurance Championship
WEC
1915
1924
2
1
2
2
9
Buenos Aires
Sebring
Mille Miglia
Le Mans
Monza
Spa
Dundord
Panamerica
Targa Florio
9
Buenos Aires
Sebring
Mille Miglia
Le Mans
Monza
Spa
Nurburgring
Panamerica
Rabelovsbanan
9
Constanera
Sebring
Mille Miglia
Nurburgring
Le Mans
Spa
Monza
Rabelovsbanan
Caracas
9
Buenos Aires
Sebring
Panamerica
Targa Florio
Nurburgring
Le Mans
Monza
Spa
Goodwood
9
Buenos Aires
Sebring
Targa Florio
Nurburgring
Le Mans
Rabelovsbanan
Monza
Spa
Goodwood
9
Buenos Aires
Sebring
Targa Florio
Nurburgring
Rabelovsbanan
Monza
Spa
Le Mans
Goodwood
9
Buenos Aires
Sebring
Palermo
Nurburgring
Le Mans
Spa
Monza
Pescara
Goodwood
9
Buenos Aires
Daytona
Sebring
Palermo
Nurburgring
Le Mans
Monza
Spa
Charade
9
Buenos Aires
Daytona
Sebring
Targa FLorio
Nurburgring
Spa
Monza
Le Mans
Goodwood
9
Buenos Aires
Daytona
Sebring
Targa Florio
Nurburgring
Spa
Monza
Le Mans
Goodwood
0
1
1894
1
1895
1
1896
1
1955
0
Formula Indy
Indy
1935
2019
1
1
4
4
6
1
2
3
4
5
6
4
1
2
3
4
3
1
2
3
2
1
2
3
1
2
3
3
1
2
3
3
1
2
3
5
1
2
3
4
5
7
1
2
3
4
5
6
7
9
1
2
3
4
5
6
7
8
9
10
1
2
3
4
5
6
7
8
9
10
11
1
2
3
4
5
6
7
8
9
10
11
11
1
2
3
4
5
6
7
8
9
10
11
12
1
2
3
4
5
6
7
8
9
10
11
12
14
1
2
3
4
5
6
7
8
9
10
11
12
13
14
13
1
2
3
4
5
6
7
8
9
10
11
12
13
15
1
2
3
4
5
6
7
8
9
10
11
12
13
14
15
12
1
2
3
4
5
6
7
8
9
10
11
12
12
1
2
3
4
5
6
7
8
9
10
11
12
13
1
2
3
4
5
6
7
8
9
10
11
12
13
11
1
2
3
4
5
6
7
8
9
10
11
12
1
2
3
4
5
6
7
8
9
10
11
12
13
1
2
3
4
5
6
7
8
9
10
11
12
13
13
1
2
3
4
5
6
7
8
9
10
11
12
13
13
1
2
3
4
5
6
7
8
9
10
11
12
13
12
1
2
3
4
5
6
7
8
9
10
11
12
12
1
2
3
4
5
6
7
8
9
10
11
12
13
1
2
3
4
5
6
7
8
9
10
11
12
13
12
1
2
3
4
5
6
7
8
9
10
11
12
13
1
2
3
4
5
6
7
8
9
10
11
12
13
18
1
2
3
4
5
6
7
8
9
10
11
12
13
14
15
16
17
18
16
1
2
3
4
5
6
7
8
9
10
11
12
13
14
15
16
21
1
2
3
4
5
6
7
8
9
10
11
12
13
14
15
16
17
18
19
20
21
22
1
2
3
4
5
6
7
8
9
10
11
12
13
14
15
16
17
18
19
20
21
22
24
1
2
3
4
5
6
7
8
9
10
11
12
13
14
15
16
17
18
19
20
21
22
23
24
18
1
2
3
4
5
6
7
8
9
10
11
12
13
14
15
16
17
18
12
1
2
3
4
5
6
7
8
9
10
11
12
10
1
2
3
4
5
6
7
8
9
10
16
1
2
3
4
5
6
7
8
9
10
11
12
13
14
15
16
14
1
2
3
4
5
6
7
8
9
10
11
12
13
14
13
1
2
3
4
5
6
7
8
9
10
11
12
13
13
1
2
3
4
5
6
7
8
9
10
11
12
13
14
1
2
3
4
5
6
7
8
9
10
11
12
13
14
18
1
2
3
4
5
6
7
8
9
10
11
12
13
14
15
16
17
18
14
1
2
3
4
5
6
7
8
9
10
11
12
13
14
12
1
2
3
4
5
6
7
8
9
10
11
12
11
1
2
3
4
5
6
7
8
9
10
11
11
1
2
3
4
5
6
7
8
9
10
11
13
1
2
3
4
5
6
7
8
9
10
11
12
13
16
1
2
3
4
5
6
7
8
9
10
11
12
13
14
15
16
15
1
2
3
4
5
6
7
8
9
10
11
12
13
14
15
17
1
2
3
4
5
6
7
8
9
10
11
12
13
14
15
16
17
16
1
2
3
4
5
6
7
8
9
10
11
12
13
14
15
16
16
1
2
3
4
5
6
7
8
9
10
11
12
13
14
15
16
16
1
2
3
4
5
6
7
8
9
10
11
12
13
14
15
16
17
1
2
3
4
5
6
7
8
9
10
11
12
13
14
15
16
17
18
1
2
3
4
5
6
7
8
9
10
11
12
13
14
15
16
17
18
17
1
2
3
4
5
6
7
8
9
10
11
12
13
14
15
16
17
16
1
2
3
4
5
6
7
8
9
10
11
12
13
14
15
16
16
1
2
3
4
5
6
7
8
9
10
11
12
13
14
15
16
17
1
2
3
4
5
6
7
8
9
10
11
12
13
14
15
16
17
16
1
2
3
4
5
6
7
8
9
10
11
12
13
14
15
16
17
1
2
3
4
5
6
7
8
9
10
11
12
13
14
15
16
17
19
1
2
3
4
5
6
7
8
9
10
11
12
13
14
15
16
17
18
19
20
1
2
3
4
5
6
7
8
9
10
11
12
13
14
15
16
17
18
19
20
20
1
2
3
4
5
6
7
8
9
10
11
12
13
14
15
16
17
18
19
20
20
1
2
3
4
5
6
7
8
9
10
11
12
13
14
15
16
17
18
19
20
19
1
2
3
4
5
6
7
8
9
10
11
12
13
14
15
16
17
18
19
18
1
2
3
4
5
6
7
8
9
10
11
12
13
14
15
16
17
18
14
1
2
3
4
5
6
7
8
9
10
11
12
13
14
13
1
2
3
4
5
6
7
8
9
10
11
12
13
14
1
2
3
4
5
6
7
8
9
10
11
12
13
14
14
1
2
3
4
5
6
7
8
9
10
11
12
13
14
19
1
2
3
4
5
6
7
8
9
10
11
12
13
14
15
16
17
18
19
17
1
2
3
4
5
6
7
8
9
10
11
12
13
14
15
16
17
17
1
2
3
4
5
6
7
8
9
10
11
12
13
14
15
16
17
17
1
2
3
4
5
6
7
8
9
10
11
12
13
14
15
16
17
15
1
2
3
4
5
6
7
8
9
10
11
12
13
14
15
19
1
2
3
4
5
6
7
8
9
10
11
12
13
14
15
16
17
18
19
18
1
2
3
4
5
6
7
8
9
10
11
12
13
14
15
16
17
18
16
1
2
3
4
5
6
7
8
9
10
11
12
13
14
15
16
16
1
2
3
4
5
6
7
8
9
10
11
12
13
14
15
16
17
1
2
3
4
5
6
7
8
9
10
11
12
13
14
15
16
17
17
1
2
3
4
5
6
7
8
9
10
11
12
13
14
15
16
17
17
1
2
3
4
5
6
7
8
9
10
11
12
13
14
15
16
17
10
6
1965
1967
1972
1977
1982
1987
5
1965
1969
1974
1979
1984
5
1965
1970
1975
1980
1985
8
1935
0
1937
1
1942
2
1978
3
1981
4
1983
5
2004
6
2013
7
Formula Junior
FJ
1932
2019
1
3
3
6
5
1
2
3
4
5
5
1
2
3
4
5
5
1
2
3
4
5
5
1
2
3
4
5
5
1
2
3
4
5
5
1
2
3
4
5
5
1
2
3
4
5
5
1
2
3
4
5
5
1
2
3
4
5
5
1
2
3
4
5
5
1
2
3
4
5
5
1
2
3
4
5
5
1
2
3
4
5
5
1
2
3
4
5
5
1
2
3
4
5
5
1
2
3
4
5
5
1
2
3
4
5
5
1
2
3
4
5
5
1
2
3
4
5
5
1
2
3
4
5
5
1
2
3
4
5
5
1
2
3
4
5
5
1
2
3
4
5
5
1
2
3
4
5
5
1
2
3
4
5
5
1
2
3
4
5
5
1
2
3
4
5
5
1
2
3
4
5
5
1
2
3
4
5
5
1
2
3
4
5
5
1
2
3
4
5
5
1
2
3
4
5
5
1
2
3
4
5
5
1
2
3
4
5
5
1
2
3
4
5
5
1
2
3
4
5
5
1
2
3
4
5
5
1
2
3
4
5
5
1
2
3
4
5
5
1
2
3
4
5
5
1
2
3
4
5
5
1
2
3
4
5
5
1
2
3
4
5
5
1
2
3
4
5
5
1
2
3
4
5
5
1
2
3
4
5
5
1
2
3
4
5
5
1
2
3
4
5
5
1
2
3
4
5
5
1
2
3
4
5
5
1
2
3
4
5
5
1
2
3
4
5
5
1
2
3
4
5
5
1
2
3
4
5
5
1
2
3
4
5
5
1
2
3
4
5
5
1
2
3
4
5
5
1
2
3
4
5
5
1
2
3
4
5
5
1
2
3
4
5
5
1
2
3
4
5
5
1
2
3
4
5
5
1
2
3
4
5
5
1
2
3
4
5
5
1
2
3
4
5
5
1
2
3
4
5
5
1
2
3
4
5
5
1
2
3
4
5
5
1
2
3
4
5
5
1
2
3
4
5
5
1
2
3
4
5
5
1
2
3
4
5
5
1
2
3
4
5
5
1
2
3
4
5
5
1
2
3
4
5
5
1
2
3
4
5
5
1
2
3
4
5
5
1
2
3
4
5
5
1
2
3
4
5
5
1
2
3
4
5
5
1
2
3
4
5
5
1
2
3
4
5
5
1
2
3
4
5
5
1
2
3
4
5
5
1
2
3
4
5
5
1
2
3
4
5
5
1
2
3
4
5
5
1
2
3
4
5
0
5
1965
1970
1975
1980
1985
5
1967
1972
1977
1982
1987
5
1968
1973
1978
1983
1988
1
1932
13
